9223371993905102858 9223371993905102858 9223371993905102858 9223371993905102858 9223371993905102858 9223371993905102858 9223371993905102858 9223371993905102858 9223371993905102858 9223371993905102858
9223371993905102858 9223371993905102858 9223371993905102858 9223371993905102858 9223371993905102858 9223371993905102858 9223371993905102858 9223371993905102858 9223371993905102858 9223371993905102858
9223371993905102858 9223371993905102858 9223371993905102858 9223371993905102858 9223371993905102858 9223371993905102858 9223371993905102858 9223371993905102858 9223371993905102858 9223371993905102858
9223371993905102858 9223371993905102858 9223371993905102858 9223371993905102858 9223371993905102858 9223371993905102858 9223371993905102858 9223371993905102858 9223371993905102858 9223371993905102858
9223371993905102858 9223371993905102858 9223371993905102858 9223371993905102858 9223371993905102858 9223371993905102858 9223371993905102858 9223371993905102858 9223371993905102858 9223371993905102858
9223371993905102858 9223371993905102858 9223371993905102858 9223371993905102858 9223371993905102858 9223371993905102858 9223371993905102858 9223371993905102858 9223371993905102858 9223371993905102858
9223371993905102858 9223371993905102858 9223371993905102858 9223371993905102858 9223371993905102858 9223371993905102858 9223371993905102858 9223371993905102858 9223371993905102858 9223371993905102858
9223371993905102858 9223371993905102858 9223371993905102858 9223371993905102858 9223371993905102858 9223371993905102858 9223371993905102858 9223371993905102858 9223371993905102858 9223371993905102858
9223371993905102858 9223371993905102858 9223371993905102858 9223371993905102858 9223371993905102858 9223371993905102858 9223371993905102858 9223371993905102858 9223371993905102858 9223371993905102858
9223371993905102858 9223371993905102858 9223371993905102858 9223371993905102858 9223371993905102858 9223371993905102858 9223371993905102858 9223371993905102858 9223371993905102858 9223371993905102858
